
----------------------------|185.126.239.251|----------------------------
========================================================================
[+] Hostnames           :
[+] Country             :Russian Federation
[+] City                :Moscow
[+] Organization        :Oneprovider.com - Moscow Infrastructure
[+] Ports               :[49152, 49153, 10243, 8200, 10250, 11, 13, 15, 17, 19, 21, 22, 23, 26, 2081, 2082, 2083, 37, 2086, 2087, 43, 8238, 49, 53, 8251, 2111, 20547, 69, 70, 2121, 2123, 79, 80, 81, 82, 83, 84, 86, 88, 91, 92, 8291, 104, 2154, 110, 111, 113, 2067, 119, 123, 4117, 2070, 135, 137, 139, 8333, 8334, 143, 4242, 55443, 2201, 161, 2221, 2222, 175, 61616, 179, 35000, 4282, 195, 10443, 211, 8408, 11300, 6363, 221, 4321, 8419, 8422, 6379, 8429, 8431, 8432, 8443, 55553, 55554, 264, 4369, 2323, 2332, 33060, 2345, 6443, 8500, 311, 10554, 8049, 2375, 2376, 2379, 4433, 4443, 37215, 8545, 6503, 8554, 6511, 8575, 50000, 389, 27015, 27017, 4500, 2455, 4506, 6697, 25001, 8622, 2480, 6580, 443, 444, 445, 447, 6601, 6602, 6603, 2061, 465, 4567, 1925, 6633, 23023, 2550, 503, 6653, 515, 6664, 2569, 6666, 6667, 6668, 25105, 8728, 21025, 548, 2601, 554, 4664, 8765, 2626, 2628, 587, 593, 8800, 16993, 8802, 17000, 8814, 623, 8820, 8821, 631, 8825, 636, 4734, 8834, 8835, 8840, 8841, 8842, 4747, 8887, 57238, 666, 8862, 8863, 8864, 8865, 8866, 4782, 8880, 4786, 8649, 8888, 8889, 8899, 8993, 2761, 2762, 4840, 4848, 11000, 771, 8969, 789, 9007, 2181, 801, 4899, 806, 9000, 9001, 9002, 4911, 9009, 9010, 9026, 9027, 9028, 9029, 41800, 9034, 9036, 9040, 9042, 4949, 9046, 7000, 7001, 9051, 7005, 11112, 873, 55442, 9080, 54138, 3221, 23424, 9090, 9091, 9092, 9093, 902, 9095, 5000, 5001, 9100, 5005, 5006, 5007, 5009, 5010, 50070, 7071, 5025, 8006, 3000, 3001, 3002, 9151, 9160, 11210, 11211, 5080, 25565, 990, 992, 993, 994, 995, 9191, 3050, 3054, 3056, 1012, 21379, 9214, 1023, 1024, 7171, 9220, 3080, 3082, 55000, 61613, 3091, 3096, 5150, 3104, 3106, 3108, 3119, 7218, 5172, 3129, 1099, 9295, 9299, 18245, 9305, 9306, 9309, 9200, 5222, 11371, 51235, 44158, 1153, 8044, 1167, 5269, 6000, 3953, 1194, 6002, 1200, 3260, 3268, 3269, 9418, 1234, 3283, 1250, 3299, 3306, 5357, 3310, 7415, 7433, 13579, 50050, 7443, 5400, 1311, 7474, 9527, 5432, 9530, 3388, 3389, 1344, 8417, 3403, 3406, 19000, 3410, 9443, 3412, 1366, 37777, 28015, 28017, 1400, 7547, 7548, 9600, 10134, 3479, 1433, 1434, 9595, 5542, 3503, 5555, 5560, 1471, 51106, 7634, 3541, 3542, 5591, 3550, 3551, 3552, 5601, 3556, 5608, 7657, 3568, 1521, 3570, 4010, 54790, 9761, 5672, 3952, 5683, 3337, 1599, 16992, 1604, 60001, 9800, 7776, 7777, 7779, 3689, 52869, 16010, 9869, 32400, 18081, 3749, 5800, 5801, 1723, 3780, 1741, 3790, 3791, 3792, 9943, 9944, 12000, 5858, 62078, 9981, 9992, 9994, 5900, 5901, 9998, 9999, 10000, 10001, 5908, 5909, 20256, 5938, 7989, 8000, 8001, 14147, 8005, 3910, 8008, 8009, 8010, 8017, 3922, 8023, 8026, 1883, 8028, 8029, 5984, 5985, 5986, 8037, 8042, 1900, 8045, 3950, 8048, 6001, 8050, 6005, 1911, 8060, 8878, 8069, 1926, 1935, 8080, 8081, 8082, 8083, 8086, 8087, 8088, 8089, 8090, 1951, 8097, 8098, 8099, 8100, 8105, 1962, 8112, 4022, 14265, 8123, 1981, 8126, 6080, 4040, 8139, 8140, 8143, 2000, 2001, 2002, 2003, 9550, 2008, 2012, 4063, 4064, 8181, 8184, 32764]
========================================================================

